TOKEN	TOKEN_KEY	TOKEN_LENGTH	TOKEN_LINENO
===================================================

int       	261		3				3
main      	256		4				3
(         	40		1				3
)         	41		1				3
{         	123		1				3
int       	261		3				4
a         	256		1				4
=         	61		1				4
21        	274		2				4
,         	44		1				4
b         	256		1				4
=         	61		1				4
32        	274		2				4
;         	59		1				4
float     	256		5				5
f         	256		1				5
=         	61		1				5
3.14      	275		4				5
;         	59		1				5
int       	261		3				6
c         	256		1				6
=         	61		1				6
a         	256		1				6
+         	43		1				6
b         	256		1				6
;         	59		1				6
int       	261		3				7
i         	256		1				7
=         	61		1				7
0         	274		1				7
,         	44		1				7
fora      	256		4				7
=         	61		1				7
4         	274		1				7
;         	59		1				7
while     	260		5				8
(         	40		1				8
i         	256		1				8
<=        	269		2				8
4         	274		1				8
)         	41		1				8
{         	123		1				8
fora      	256		4				9
--        	273		2				9
;         	59		1				9
i         	256		1				10
+         	43		1				10
=         	61		1				10
1         	274		1				10
;         	59		1				10
}         	125		1				11
return    	268		6				12
0         	274		1				12
;         	59		1				12
}         	125		1				13
