TOKEN	TOKEN_KEY	TOKEN_LENGTH
===================================================

int       	261		3
main      	256		4
(         	40		1
)         	41		1
{         	123		1
int       	261		3
a         	256		1
=         	61		1
2         	269		1
,         	44		1
b         	256		1
=         	61		1
3         	269		1
;         	59		1
int       	261		3
c         	256		1
=         	61		1
a         	256		1
+         	43		1
b         	256		1
;         	59		1
printf    	256		6
(         	40		1
Hello World!	269		12
)         	41		1
;         	59		1
return    	268		6
0         	269		1
;         	59		1
}         	125		1
